==================================================================
                        General Data File
==================================================================
Units:
Number of elements and nodes:
elements pointnumber timedelta
20 9 

.................................................................

Coordinates:
Node                X                      Y                       Z
1            2            2            0
2            4            2            0
3            2            4            0
4            2            2            2
5       3.4166       3.4086       1.3868
6            4            4            0
7            4            2            2
8            2            4            2
9            4            4            2

.................................................................

Connectivities:
Element    Node(1)   Node(2)   Node(3)  Node(4)    Material
1 3 1 2 8 0 
2 1 4 2 8 0 
3 6 9 3 5 0 
4 6 9 5 7 0 
5 9 5 7 8 0 
6 9 5 8 3 0 
7 5 6 7 2 0 
8 7 5 2 4 0 
9 7 5 4 8 0 
10 5 6 2 3 0 
11 5 4 8 2 0 
12 5 8 3 2 0 
13 3 1 2 0 
14 2 6 3 0 
15 3 8 1 0 
16 8 4 1 0 
17 2 6 7 0 
18 6 9 7 0 
19 8 4 7 0 
20 7 9 8 0 

.................................................................

Materials:
0
Material 

.................................................................

Velocidad de Entrada:
4
Node   Mass
1
2
3
6
